-110.45 -56.44 -289.96 240.76 -75.64 -126.23 -258.78 -273.69 42.84 -423.04
269.31 -29.45 -19.73 377.64 -395.41 79.53 -66.61 284.20 -100.57 316.72
-136.92 165.72 -106.48 228.58 -146.32 -366.22 -238.37 132.06 343.79 -168.03
385.53 3.44 259.84 -340.10 29.92 -423.89 135.77 256.32 -360.39 202.46
49.59 36.84 109.63 -341.41 481.61 198.62 33.50 -432.90 -89.42 -383.32
297.85 -157.32 -353.61 -253.49 147.87 66.42 -107.42 73.50 -394.02 -26.23
424.58 -333.53 -341.63 -78.40 371.96 -79.07 260.55 69.35 -164.51 234.31
-339.37 -106.88 -436.60 -112.93 302.38 85.69 418.46 9.66 -429.08 -25.25
-311.94 496.70 -464.39 -483.41 -412.85 -171.67 -311.09 -386.92 393.68 420.82
154.89 -331.43 -468.46 -214.23 408.25 254.90 186.24 322.34 432.04 216.28
